Run semi-empirical minimization
 &qmmm
    qm_theory='AM1', grms_tol=0.0005,
 scfconv=1.d-10, ndiis_attempts=700,   qmcharge=0,
 /
   6    C1       64.5570       32.5020       27.0680 
   6    C2       63.2990       32.8280       26.5580 
   6    C3       63.2070       33.6090       25.4090 
   6    C7       64.2610       34.9760       23.6210 
   6   C10       64.4860       36.7690       22.3550 
   6   C12       65.7010       36.8360       24.4810 
   6   C13       67.0730       36.9160       24.2230 
   6   C14       67.9280       37.5050       25.1560 
   6   C15       67.4160       38.0080       26.3520 
   6   C16       66.0500       37.9280       26.6120 
   6    C4       64.3790       34.0650       24.7770 
   6    C5       65.6450       33.7490       25.3130 
   6    C6       65.7250       32.9650       26.4530 
   7    N8       63.5310       34.7800       22.5570 
   7    N9       63.6780       35.8990       21.7290 
   7   N11       64.8540       36.2270       23.5310 
   6   C17       65.1940       37.3420       25.6800 
  16   S18       64.9770       38.2910       21.7600 
   9   F19       67.5510       36.4190       23.0590 
   8   O20       61.9880       33.9160       24.8920 
   8   O21       64.6490       31.7490       28.1880 
   1     H       62.4440       32.4930       27.0290 
   1    H1       68.9390       37.5680       24.9610 
   1    H2       68.0490       38.4390       27.0440 
   1    H3       65.6710       38.3030       27.4960 
   1    H4       66.5040       34.0990       24.8600 
   1    H5       66.6470       32.7230       26.8480 
   1    H6       63.2630       36.0250       20.8450 
   1    H7       64.1830       37.2820       25.8770 
   1    H8       61.9260       34.4420       24.1190 
   1    H9       65.4900       31.5270       28.5350 

